14782
95222
77270
401
47713
52786
57280
70630
13730
15105
49517
96616
79452
92732
96451
81119
47804
56572
69502
45563
54244
61468
6248
86688
84039
48645
83056
72153
37310
56736
5150
52092
51958
98773
68845
16024
51559
42477
86654
81641
73934
52523
78257
53386
45256
74708
50857
9412
47632
20359
54975
18228
81827
61223
4917
65867
9868
4325
38020
63531
61062
59522
31975
29372
58295
821
45396
26207
59650
48403
7848
33585
926
2458
86971
46182
77166
37829
55594
41151
58188
26921
75731
40016
88144
97000
22235
14365
17678
60255
77896
78740
19777
26223
8112
78073
43396
69861
4280
3047
18264
28480
36632
35542
30938
39955
81725
24457
77784
53671
81960
52325
80593
57691
8693
85089
71044
30928
99454
88722
7535
93702
67462
27312
19926
91926
21737
63322
78139
42369
82721
96403
87202
35705
31946
18140
75661
30023
58949
69797
46
40909
22122
96991
14953
30815
82081
85997
78095
97887
74719
85630
91590
58533
29295
27868
66811
67384
7542
44951
26106
90264
57706
13308
25969
6004
47800
1630
52379
6750
71428
52426
64011
9902
65769
78964
57070
64202
81313
35165
62090
72384
37148
70032
30917
82795
97900
14081
50179
21794
75384
76285
12058
49442
89593
54380
55447
53746
72362
24178
60496
60142
92956
24507
70045
58726
19824
43467
22928
1137
94984
1370
73522
48484
71402
20791
31279
85654
51224
81459
23801
26608
74096
35859
76051
63690
6591
47850
33788
78954
72028
94284
55448
64985
35143
41845
40063
71319
85312
79343
72457
96649
80714
62331
45133
68468
99474
76413
70475
50699
74224
94276
77307
48320
46487
69710
28362
53079
17560
62150
48385
5941
56434
20185
87278
7930
62031
27341
79249
63695
6684
68058
60344
3750
46741
21830
88571
46216
98243
59046
96915
72467
69674
90574
37139
32513
60285
65502
1944
94197
27652
50329
138
439
86867
87416
8369
48898
31109
3970
28945
54146
72029
5642
74248
18770
27472
62819
64986
42067
38217
78253
30886
24243
68828
68025
56757
29113
33527
58701
39662
61180
25383
39801
61619
12250
43569
86340
77500
91031
90310
6445
45177
78691
12087
19425
13814
55911
98597
95152
97978
53166
73406
45216
77410
42234
13242
34167
87699
63121
92868
27361
24301
18251
83514
2272
30501
27084
4964
8001
34467
95275
30799
79644
90318
42886
15421
4132
98798
30370
99285
13128
83537
72691
58345
60947
31277
87939
95114
18976
51060
4334
62689
91714
22586
46204
93986
69439
89640
15303
77441
24107
10578
8240
20103
17248
67478
51876
21381
82628
82247
37018
95757
65784
9709
70454
43083
40986
58393
54549
76314
9453
58883
39003
1167
97821
85207
11506
67261
91199
26809
61054
15306
53739
69294
35409
70987
53124
87286
8720
35753
85885
45738
31510
68021
71799
18316
27456
12785
76709
82005
5451
86162
57240
60807
3682
55062
46014
31540
22323
37214
58349
83377
68872
28440
69023
20634
99427
22147
24272
24500
74252
10157
70238
22114
94530
42038
40430
21986
71175
17139
3991
92979
19654
61231
53786
39688
32645
99800
71228
54968
53366
45929
54697
38591
74369
40072
59225
90148
78572
83497
14648
52824
93654
1239
91291
88184
43277
31721
26522
30804
65213
30513
23783
1219
8096
77569
40907
40742
93722
12135
12062
63440
58064
83112
2031
48785
39536
61256
38933
18108
61105
69934
87285
71111
71173
94928
75647
30802
43001
2169
61606
8214
32682
1742
25785
57131
79311
66692
14225
89385
95179
42639
69178
69595
42103
71209
18380
81640
48818
57314
16100
9923
27248
19737
81035
14773
14665
73034
45575
57667
75204
7181
82233
24238
25275
8019
81369
20939
91063
11946
10324
86243
70938
79502
55838
13041
67064
90571
11033
32234
47885
43486
42157
91485
63223
39544
22610
94241
12579
68185
68260
4135
91718
50493
28373
16994
74864
26095
37933
65928
38041
64609
68523
8979
60464
40713
38373
27528
31284
49406
59762
95521
92892
18271
3358
72468
74168
25968
66709
3099
10505
51321
7234
2224
1814
35607
35570
93031
78054
89855
75311
16096
54464
60186
41427
14928
899
79800
58808
48536
45559
34922
60409
54803
53194
63768
43623
43714
6088
10332
46813
16594
61653
70399
35170
79820
22358
70740
89203
413
60595
80866
16509
31411
41052
74288
46340
58303
70441
21500
6839
16000
56423
67249
87155
9617
47369
30779
69683
53457
57463
16496
86403
35469
86895
21573
31641
9253
8665
20844
9666
85612
1710
42527
17024
59114
16816
79716
17417
87257
1216
40609
19609
57639
24210
23116
83608
71579
53895
53291
41388
11359
86139
44144
46828
89386
65717
94821
98640
90735
15665
24658
76347
33727
83538
93371
9193
16706
73087
42962
20315
90656
83571
39924
48295
7781
63040
48256
95712
33288
1547
37101
60999
4039
81245
24179
93425
63314
19000
8417
54049
51017
49428
30397
1096
32966
40120
10289
49672
13208
53251
69987
3864
36823
26263
68511
60956
5655
16767
56669
55295
34667
10122
16294
55058
7719
40473
48483
87385
59473
56901
41435
10490
6329
88184
11586
55647
28304
38227
21671
57864
91479
91658
78080
44654
34273
62944
5610
56280
79711
78631
11576
30730
5105
44222
85788
12824
84696
50624
210
60521
7525
57997
71012
30206
62533
98950
85853
90837
37178
7524
65054
45009
15534
43134
89663
66159
6078
11625
38791
2142
6609
66719
49224
11714
10942
51365
40891
11990
1989
57453
72511
25866
15450
59875
56072
94335
58826
58277
85172
12356
82153
66578
57365
14039
9713
63380
80198
32143
91357
18989
50637
97966
85709
99862
26033
13003
67579
66924
24993
69568
24377
97504
11786
56179
57380
84210
50514
32558
42487
52038
61266
40992
18617
34983
55031
44682
14715
35229
93177
6072
70570
43815
4039
72631
60029
30072
85634
27608
13348
26979
13528
37725
24484
41666
10256
98216
25876
60770
47126
68363
12808
8392
9355
47777
43375
64386
92459
58090
15967
85637
80514
2889
45804
84553
75521
22185
30977
77507
66145
44325
4487
79673
98402
28971
21339
8658
43539
63567
85780
90665
31930
98589
99057
57637
46366
58784
38375
55178
33226
70694
57167
13740
73583
19323
14646
49104
41508
61975
26612
7653
22653
47451
3678
21055
76422
25017
46066
19961
88584
31846
26978
36866
46787
26035
10855
9506
1171
65582
64684
34397
36276
38203
64489
26211
57526
79135
75316
99034
57463
18280
6687
80116
65731
10365
1171
58505
51734
63589
