65251
75545
47726
90290
94346
65010
58034
57898
31673
47564
60569
65002
48771
33696
41796
35160
14272
79040
3377
52322
18342
47604
37366
7571
62787
77595
45539
36000
98682
92692
34760
63933
84589
82487
70575
78935
63849
28609
36833
95522
92525
13754
76876
57648
47450
18673
92808
78075
14065
96185
46749
32407
43789
84115
39978
22929
78063
1869
75281
76745
10913
10041
57030
95502
92528
43958
74437
72729
88919
27622
68251
81445
41377
61480
39093
5179
80153
31902
99606
94218
28087
46355
42977
88229
30471
82955
27510
24886
1176
2791
1631
12090
29184
75013
7592
38065
18971
98382
10794
24243
26004
95398
5688
83733
56878
44781
5265
53383
93035
4871
63953
37475
51227
6930
42056
98050
6237
69566
22936
7413
88709
40919
19503
17893
32284
43448
55958
67608
41830
83105
91851
84186
78503
97539
84272
51733
58672
89537
5116
51708
94408
69069
5535
61987
75999
47591
60037
98588
17157
99325
6001
5866
40244
25505
40111
72529
68953
12422
40137
27135
95527
48340
11321
90382
45879
95593
42115
20903
85130
63583
88963
95891
32652
94498
57878
25003
42089
17916
23591
59246
33593
29592
81464
73838
71449
37928
62719
56754
50350
19208
83889
45877
67548
95211
36259
29779
7156
94726
50682
8639
58309
39646
4530
7313
50496
62408
32316
92586
96676
72259
68184
30270
1851
66001
20460
89653
3929
83179
46407
54279
18739
30297
16508
86287
41860
52767
32418
49016
63845
83100
57655
22154
39098
62185
29467
89595
40946
78135
98533
53974
50394
66717
84244
68597
32718
21056
58250
36647
20587
21010
7278
39326
51307
23786
41965
9519
92905
74383
58535
56750
73836
32543
95256
29286
11080
41075
35233
68378
19210
33766
22353
85956
16836
22949
70906
49554
44006
45508
2554
64593
66518
9832
20272
34177
33619
62237
43696
26524
52973
18584
99627
26809
51127
94883
56095
78559
35959
91329
46938
71521
41447
69291
73830
58283
92240
44736
24190
52598
90244
26744
17192
73115
52928
37464
7292
2899
16053
50989
29424
69026
69573
45403
12187
37052
40286
84635
15611
92597
92316
78901
64119
33763
48192
37949
92047
56785
99037
32589
9383
89281
75685
26575
62396
28613
80391
86041
31513
12797
37030
77289
98175
22955
22692
10363
76359
79330
94998
8322
71928
87314
87224
52399
37429
35416
90348
45828
8553
89385
78417
17937
95018
54102
60864
73767
82716
57608
59808
30581
70405
13190
24222
68580
36145
63266
95295
28856
42596
90293
37178
30876
93959
24402
83275
31389
76171
89975
77217
84724
95712
55635
19013
7083
9737
79878
80850
8805
37486
40658
55738
24243
53848
79960
92823
6345
43226
88119
35201
2175
94764
88731
33051
88724
29486
32679
20113
5657
22654
13682
6733
34719
69317
25747
41802
95407
5625
22652
4212
59463
79662
76303
83706
33510
56263
92881
56207
15842
97352
7760
18017
92117
96491
67420
97193
25977
99
33658
47986
39106
47340
54720
73825
16658
96819
15627
12065
18796
54631
32629
78259
34293
8932
61965
84155
81548
71198
56714
97390
68551
64474
31759
60668
77317
15531
57861
3295
31983
91519
51281
87441
55211
22353
77618
71869
35524
93245
286
54320
64228
49268
32579
14873
74552
10896
99028
56100
82095
55742
69842
50646
36568
17953
27666
13885
49837
1879
17180
81820
9750
84814
69261
64961
23519
63231
36831
59044
56476
53469
13364
37056
2737
62296
51929
77290
89544
67309
49742
71639
23051
19585
38637
75971
53890
66303
89856
3727
68182
23389
1899
77932
24555
87512
59246
48074
50743
96077
23470
23571
65898
53187
60627
84988
15483
12556
78630
5027
96217
28372
93019
35620
64309
31656
11591
18200
97960
1448
38279
82494
41189
40179
76779
65744
27691
36025
13818
78435
48454
53641
2006
14352
6828
78986
99340
38663
7894
77970
60042
4112
22695
53061
39732
3356
1070
51324
21556
15382
69124
76188
97876
10313
16367
91007
76057
60410
27032
6227
38845
75486
59868
57204
6191
83048
36190
21883
21711
44084
16206
98106
64548
38901
67519
4281
42257
68589
71957
80166
83971
41081
72706
98200
51394
89073
89207
43803
65835
32592
50030
21033
24430
26251
78237
30621
25651
30779
68857
63715
91215
85063
61821
55764
40316
29340
76397
98925
14282
48354
95443
14605
89435
68149
12805
57181
73574
18365
984
39410
50957
67366
60443
75387
9969
55032
22361
35621
2163
91218
99336
93378
76281
77509
65494
16597
23201
41891
31874
37483
90245
27318
52089
79680
95467
81246
36861
69042
99611
54197
24804
66920
21564
1599
42308
47885
56631
64669
99858
58794
55887
15546
52172
48520
93055
34019
65117
32609
75910
13343
70092
66156
40661
38533
45836
36129
36132
99050
21523
35743
53247
46327
2664
91163
64278
61324
55401
20909
25993
55259
96055
98232
70806
64579
46752
80213
98598
28221
12822
74509
41564
99267
40665
82226
54152
2853
34707
90284
1903
72582
42380
71503
35261
45044
79018
99539
22720
34419
20448
65065
6031
16503
63297
76837
81082
26401
57050
96033
70974
86225
70542
12538
85492
11207
11116
39644
14060
62175
29929
15964
34757
72309
3819
70018
33705
82837
85909
72777
33609
22709
37842
39640
55564
17491
32829
52999
43892
6231
49032
31218
92456
19574
43756
94300
30781
71225
33945
61193
33400
80226
93509
84510
68887
97328
70880
18944
96518
56790
91721
30127
95851
45915
86119
51416
63406
18948
4415
23650
41531
53447
54868
33988
73021
14976
28288
20154
86201
78585
81347
35954
75163
74857
36816
44050
88537
7696
79346
85055
80838
87419
31534
76690
33334
17653
28106
96740
52953
32521
36742
94485
2320
91610
44825
75341
6587
73113
11847
9140
68051
93194
45094
43214
68051
98262
3617
56589
5959
82963
57996
3149
70383
89531
96191
3717
23536
24297
16810
92842
73170
53552
87327
91842
45163
48504
83535
68102
37969
95382
77242
6020
88577
38689
49235
72980
36951
52852
45921
59262
52167
3918
62412
22550
9801
58603
42620
33337
99253
59430
26179
88775
29334
29858
96970
74497
94714
80505
58951
32684
75888
36194
38704
64465
91235
4291
53797
28186
73495
99719
3801
25663
19989
66213
64565
29790
41168
7185
79479
56773
82967
22011
61901
12302
68221
58871
3151
62936
39376
78455
95620
15264
31001
50676
96081
22236
54968
49879
66774
44815
65950
70575
70478
85939
53140
35044
32081
10661
58581
27912
67434
57901
49923
45687
86555
34497
4558
