96808
44037
32379
64423
20502
71287
93121
96359
37607
8877
32934
28125
99268
56761
93700
7044
97303
89900
58988
74173
77329
77749
17392
80734
16515
95982
1047
33470
61296
74564
99837
74456
18601
32217
55231
55455
19856
48352
51814
73815
73582
84748
1940
72850
57861
95640
79894
71517
85540
38882
45690
79221
32983
63082
59956
49498
75417
61003
99321
36713
51919
99158
27521
70520
47727
82752
25975
83935
31105
94141
57750
21039
95242
59690
93889
53103
55330
90135
24620
57223
29018
86663
36444
78353
66097
12752
44204
41514
90107
59877
94579
42026
59035
22100
12546
23115
21205
54873
7050
68662
49015
64801
89701
60609
24491
83590
13712
96174
90077
54685
53397
35447
57700
6193
13801
23797
18946
74357
65312
9053
34234
76243
51080
93269
14696
79978
32736
35901
34852
39787
4563
219
20940
94264
60828
61783
94206
90892
74309
84283
61929
44058
19731
19629
50252
49884
59779
69198
24241
41443
94603
58475
17686
45683
68096
32382
42014
17185
68283
76866
56972
89198
93437
94264
83462
70617
72399
94020
61509
46709
94656
39791
90767
30739
75772
57371
80623
35551
26569
21216
93346
21173
96043
11033
83208
80491
59767
25222
97676
44403
18440
71000
33601
28229
81616
33416
98846
54016
27436
76708
725
22092
16499
7844
52831
8623
65216
49806
44175
8137
87374
37521
45662
83417
64906
28871
80261
24674
70445
77937
85429
5238
65290
19030
33467
46906
68798
32314
922
96235
9022
17999
34679
41873
25844
3863
50496
91060
70021
94671
99197
57396
48545
44860
57165
29803
90083
37426
70829
76880
31716
56258
82118
97006
91641
15586
43912
60439
47900
61187
73026
73274
79186
24058
15147
5030
27921
65643
12442
14294
76667
11640
88042
41564
72852
45208
71367
79287
98986
42197
56167
47054
98455
38286
44060
90096
70224
4325
66888
18124
65512
39914
7750
61050
80324
22897
66081
24597
88540
94875
38892
81559
6515
26934
23123
95719
88494
94491
91358
87481
36688
47526
50887
51495
2164
94948
57944
72388
15625
24832
6864
97489
81098
14614
58539
61423
53863
40972
86020
58755
35848
24912
40315
58715
68199
63438
70787
56693
74281
62145
60526
10969
26023
11414
78817
28187
22714
36761
16927
38339
61593
40143
52180
42691
71109
27071
4114
41324
84396
6487
80
20244
31399
40395
95311
15950
20185
82450
72644
94467
44596
49522
21788
86971
60936
605
31511
2
53718
48438
54693
15311
4934
6873
74355
92395
50297
94821
33720
34693
1308
33800
71289
49060
90547
66600
65010
27084
49051
54006
37903
9999
3529
76044
96970
80817
76649
28481
80820
46720
93272
35513
62031
14558
58739
52738
6953
9036
47560
57025
60081
65220
90825
31370
14280
97724
14322
95643
24809
79725
49649
79064
6076
53178
55108
3047
50348
48110
47880
31168
94830
57504
83033
56861
72062
58124
25952
95368
83512
73512
52393
43593
38732
59571
91315
53013
57295
5638
48656
98456
85363
14657
93873
91440
84188
48981
10839
34536
97091
75071
82056
8273
32576
81441
81487
20990
39566
7439
32710
39430
80951
85104
99376
36035
44675
90691
5400
18322
12681
70408
33131
14397
85066
27004
22189
69254
92337
49380
3790
5781
24451
2198
14054
73379
83639
95541
94370
39557
19332
43432
95340
283
28536
94716
52671
89563
1759
58071
24238
14441
28480
57369
45190
13546
725
67379
99152
9414
16759
19294
15195
41210
21492
45602
30942
5131
57495
41664
61041
76828
85096
56381
93463
13633
67449
46134
19548
69208
4206
43786
1
49038
17507
45191
62584
34584
12570
61736
43999
45681
81030
59194
3244
18874
21148
34186
40357
78644
75850
1398
55472
77298
74131
65287
7283
41580
11422
26832
10789
31980
86970
10790
81018
4478
72334
59954
39062
84904
38042
83061
46938
35424
58608
50182
54298
96108
84368
94655
74752
76570
12406
46576
53868
86537
11864
61152
28118
39638
4336
55259
87970
91306
66049
85340
95784
38383
61646
51199
39640
99688
50612
86578
51464
25572
53112
5762
21681
53832
16769
96433
30402
45527
43010
622
32065
71226
78126
60183
27216
82462
15442
15186
90121
97843
16878
2257
52579
78524
53456
8571
94564
4069
11501
46028
29641
64613
68142
67674
18445
1263
64108
65199
46791
23470
65821
78856
11048
60300
55391
38264
59114
87185
69802
49235
1380
86680
51493
70311
81556
21301
78882
76120
41722
90383
38500
87716
71348
6642
55390
89793
24257
35850
54992
71048
59320
37166
66256
70368
97466
37999
24984
56580
25184
94786
22168
42917
81466
90013
13228
79374
11314
92111
55494
69389
98846
10346
57105
70195
16988
28847
59988
57598
64698
31333
28646
40370
68499
94903
10739
82317
32902
35723
38897
74439
46862
77417
17356
44680
67430
30584
24055
95097
39047
95901
80838
37894
6248
37943
8089
39588
83142
68077
97186
64192
15762
25833
4563
84261
37088
31654
66578
86342
67377
21828
77133
30591
15597
94489
75272
99380
41426
99327
94477
80473
95228
75315
18367
17828
29610
26456
57417
29104
10886
54603
93297
26648
96788
97860
27262
50228
29514
10192
52923
13243
48372
30056
43835
63970
40898
19107
63350
98676
34786
74179
79149
30014
65846
13869
64195
95456
56677
21612
24560
83915
92567
17857
10564
5708
32069
54178
72288
61583
64370
25211
74827
29095
71620
35014
9417
28870
54121
72767
43898
88907
63298
23047
35273
29144
53268
15820
24600
26298
37432
65512
10213
46352
99722
20777
68412
31791
91307
40700
9727
72030
82264
906
1125
70236
35920
10542
99106
6393
99661
43004
11652
62959
82403
63277
8455
52024
79098
49407
78322
32882
14919
88535
79234
30993
25665
47646
79137
16972
4699
5216
5354
86963
6122
22831
57199
58394
33373
72657
81139
49386
32013
9143
28697
30768
72420
37152
82792
51518
86559
77466
84401
17831
66002
79987
65176
8019
43986
44313
41343
48685
49529
46698
35648
72003
69529
9199
46749
19255
81856
44240
84993
30221
53383
13691
60989
25804
67195
43782
93674
70107
37600
94427
4290
3602
90767
69466
11621
34753
30132
69317
83438
96013
16015
35438
68017
1896
60989
31118
21151
42845
75359
22497
73066
28742
52540
50407
70898
19735
10541
80925
6194
48142
75352
26836
68096
66119
96303
96070
17224
42787
65387
17014
38800
81402
52452
23169
99650
13441
54288
37154
72638
29647
59651
62056
74741
12191
28816
61992
48278
39357
42917
54473
87499
34621
81309
55596
